# ------------------------------------------------------------------------------------------------------------------------------------------------------
# Packet header transmit time   : 485346552 ps
# Packet header                 : CA/E8
# Packet size                   : 34
# Packet content column 0       : 0070,0060,0050,0040,0030,0020,0010,0000,0070,0060,0050,0040,0030,0020,0010,0000,0070,0060,0050,0040,0030,0020,0010,0000,0070,0060,0050,0040,0030,0020,0010,0000,0070,0070,
# Packet content column 1       : 0070,0060,0050,0040,0030,0020,0010,0000,0070,0060,0050,0040,0030,0020,0010,0000,0070,0060,0050,0040,0030,0020,0010,0000,0070,0060,0050,0040,0030,0020,0010,0000,0070,0070,
# Packet content column 2       : 0070,0060,0050,0040,0030,0020,0010,0000,0070,0060,0050,0040,0030,0020,0010,0000,0070,0060,0050,0040,0030,0020,0010,0000,0070,0060,0050,0040,0030,0020,0010,0000,0070,0070,
# Packet content column 3       : 0070,0060,0050,0040,0030,0020,0010,0000,0070,0060,0050,0040,0030,0020,0010,0000,0070,0060,0050,0040,0030,0020,0010,0000,0070,0060,0050,0040,0030,0020,0010,0000,0070,0070,
# ------------------------------------------------------------------------------------------------------------------------------------------------------
# Packet header transmit time   : 490789272 ps
# Packet header                 : CA
# Packet size                   : 34
# Packet content column 0       : 0070,0060,0050,0040,0030,0020,0010,0000,0070,0060,0050,0040,0030,0020,0010,0000,0070,0060,0050,0040,0030,0020,0010,0000,0070,0060,0050,0040,0030,0020,0010,0000,0070,0070,
# Packet content column 1       : 0070,0060,0050,0040,0030,0020,0010,0000,0070,0060,0050,0040,0030,0020,0010,0000,0070,0060,0050,0040,0030,0020,0010,0000,0070,0060,0050,0040,0030,0020,0010,0000,0070,0070,
# Packet content column 2       : 0070,0060,0050,0040,0030,0020,0010,0000,0070,0060,0050,0040,0030,0020,0010,0000,0070,0060,0050,0040,0030,0020,0010,0000,0070,0060,0050,0040,0030,0020,0010,0000,0070,0070,
# Packet content column 3       : 0070,0060,0050,0040,0030,0020,0010,0000,0070,0060,0050,0040,0030,0020,0010,0000,0070,0060,0050,0040,0030,0020,0010,0000,0070,0060,0050,0040,0030,0020,0010,0000,0070,0070,
# ------------------------------------------------------------------------------------------------------------------------------------------------------
# Packet header transmit time   : 496231992 ps
# Packet header                 : CA
# Packet size                   : 34
# Packet content column 0       : 0070,0060,0050,0040,0030,0020,0010,0000,0070,0060,0050,0040,0030,0020,0010,0000,0070,0060,0050,0040,0030,0020,0010,0000,0070,0060,0050,0040,0030,0020,0010,0000,0070,0070,
# Packet content column 1       : 0070,0060,0050,0040,0030,0020,0010,0000,0070,0060,0050,0040,0030,0020,0010,0000,0070,0060,0050,0040,0030,0020,0010,0000,0070,0060,0050,0040,0030,0020,0010,0000,0070,0070,
# Packet content column 2       : 0070,0060,0050,0040,0030,0020,0010,0000,0070,0060,0050,0040,0030,0020,0010,0000,0070,0060,0050,0040,0030,0020,0010,0000,0070,0060,0050,0040,0030,0020,0010,0000,0070,0070,
# Packet content column 3       : 0070,0060,0050,0040,0030,0020,0010,0000,0070,0060,0050,0040,0030,0020,0010,0000,0070,0060,0050,0040,0030,0020,0010,0000,0070,0060,0050,0040,0030,0020,0010,0000,0070,0070,
# ------------------------------------------------------------------------------------------------------------------------------------------------------
# Packet header transmit time   : 501674712 ps
# Packet header                 : CA
# Packet size                   : 34
# Packet content column 0       : 0070,0060,0050,0040,0030,0020,0010,0000,0070,0060,0050,0040,0030,0020,0010,0000,0070,0060,0050,0040,0030,0020,0010,0000,0070,0060,0050,0040,0030,0020,0010,0000,0070,0070,
# Packet content column 1       : 0070,0060,0050,0040,0030,0020,0010,0000,0070,0060,0050,0040,0030,0020,0010,0000,0070,0060,0050,0040,0030,0020,0010,0000,0070,0060,0050,0040,0030,0020,0010,0000,0070,0070,
# Packet content column 2       : 0070,0060,0050,0040,0030,0020,0010,0000,0070,0060,0050,0040,0030,0020,0010,0000,0070,0060,0050,0040,0030,0020,0010,0000,0070,0060,0050,0040,0030,0020,0010,0000,0070,0070,
# Packet content column 3       : 0070,0060,0050,0040,0030,0020,0010,0000,0070,0060,0050,0040,0030,0020,0010,0000,0070,0060,0050,0040,0030,0020,0010,0000,0070,0060,0050,0040,0030,0020,0010,0000,0070,0070,
# ------------------------------------------------------------------------------------------------------------------------------------------------------
# Packet header transmit time   : 507117432 ps
# Packet header                 : CA/E0
# Packet size                   : 34
# Packet content column 0       : 1070,1060,1050,1040,1030,1020,1010,1000,1070,1060,1050,1040,1030,1020,1010,1000,1070,1060,1050,1040,1030,1020,1010,1000,1070,1060,1050,1040,1030,1020,1010,1000,1070,1070,
# Packet content column 1       : 1070,1060,1050,1040,1030,1020,1010,1000,1070,1060,1050,1040,1030,1020,1010,1000,1070,1060,1050,1040,1030,1020,1010,1000,1070,1060,1050,1040,1030,1020,1010,1000,1070,1070,
# Packet content column 2       : 1070,1060,1050,1040,1030,1020,1010,1000,1070,1060,1050,1040,1030,1020,1010,1000,1070,1060,1050,1040,1030,1020,1010,1000,1070,1060,1050,1040,1030,1020,1010,1000,1070,1070,
# Packet content column 3       : 1070,1060,1050,1040,1030,1020,1010,1000,1070,1060,1050,1040,1030,1020,1010,1000,1070,1060,1050,1040,1030,1020,1010,1000,1070,1060,1050,1040,1030,1020,1010,1000,1070,1070,
# ------------------------------------------------------------------------------------------------------------------------------------------------------
# Packet header transmit time   : 512560152 ps
# Packet header                 : CA/E0
# Packet size                   : 34
# Packet content column 0       : 2070,2060,2050,2040,2030,2020,2010,2000,2070,2060,2050,2040,2030,2020,2010,2000,2070,2060,2050,2040,2030,2020,2010,2000,2070,2060,2050,2040,2030,2020,2010,2000,2070,2070,
# Packet content column 1       : 2070,2060,2050,2040,2030,2020,2010,2000,2070,2060,2050,2040,2030,2020,2010,2000,2070,2060,2050,2040,2030,2020,2010,2000,2070,2060,2050,2040,2030,2020,2010,2000,2070,2070,
# Packet content column 2       : 2070,2060,2050,2040,2030,2020,2010,2000,2070,2060,2050,2040,2030,2020,2010,2000,2070,2060,2050,2040,2030,2020,2010,2000,2070,2060,2050,2040,2030,2020,2010,2000,2070,2070,
# Packet content column 3       : 2070,2060,2050,2040,2030,2020,2010,2000,2070,2060,2050,2040,2030,2020,2010,2000,2070,2060,2050,2040,2030,2020,2010,2000,2070,2060,2050,2040,2030,2020,2010,2000,2070,2070,
# ------------------------------------------------------------------------------------------------------------------------------------------------------
# Packet header transmit time   : 518002872 ps
# Packet header                 : CA/E0
# Packet size                   : 34
# Packet content column 0       : 3070,3060,3050,3040,3030,3020,3010,3000,3070,3060,3050,3040,3030,3020,3010,3000,3070,3060,3050,3040,3030,3020,3010,3000,3070,3060,3050,3040,3030,3020,3010,3000,3070,3070,
# Packet content column 1       : 3070,3060,3050,3040,3030,3020,3010,3000,3070,3060,3050,3040,3030,3020,3010,3000,3070,3060,3050,3040,3030,3020,3010,3000,3070,3060,3050,3040,3030,3020,3010,3000,3070,3070,
# Packet content column 2       : 3070,3060,3050,3040,3030,3020,3010,3000,3070,3060,3050,3040,3030,3020,3010,3000,3070,3060,3050,3040,3030,3020,3010,3000,3070,3060,3050,3040,3030,3020,3010,3000,3070,3070,
# Packet content column 3       : 3070,3060,3050,3040,3030,3020,3010,3000,3070,3060,3050,3040,3030,3020,3010,3000,3070,3060,3050,3040,3030,3020,3010,3000,3070,3060,3050,3040,3030,3020,3010,3000,3070,3070,
# ------------------------------------------------------------------------------------------------------------------------------------------------------
# Packet header transmit time   : 523445592 ps
# Packet header                 : CA/E0
# Packet size                   : 34
# Packet content column 0       : 4070,4060,4050,4040,4030,4020,4010,4000,4070,4060,4050,4040,4030,4020,4010,4000,4070,4060,4050,4040,4030,4020,4010,4000,4070,4060,4050,4040,4030,4020,4010,4000,4070,4070,
# Packet content column 1       : 4070,4060,4050,4040,4030,4020,4010,4000,4070,4060,4050,4040,4030,4020,4010,4000,4070,4060,4050,4040,4030,4020,4010,4000,4070,4060,4050,4040,4030,4020,4010,4000,4070,4070,
# Packet content column 2       : 4070,4060,4050,4040,4030,4020,4010,4000,4070,4060,4050,4040,4030,4020,4010,4000,4070,4060,4050,4040,4030,4020,4010,4000,4070,4060,4050,4040,4030,4020,4010,4000,4070,4070,
# Packet content column 3       : 4070,4060,4050,4040,4030,4020,4010,4000,4070,4060,4050,4040,4030,4020,4010,4000,4070,4060,4050,4040,4030,4020,4010,4000,4070,4060,4050,4040,4030,4020,4010,4000,4070,4070,
# ------------------------------------------------------------------------------------------------------------------------------------------------------
# Packet header transmit time   : 528888312 ps
# Packet header                 : CA/E0
# Packet size                   : 34
# Packet content column 0       : 5070,5060,5050,5040,5030,5020,5010,5000,5070,5060,5050,5040,5030,5020,5010,5000,5070,5060,5050,5040,5030,5020,5010,5000,5070,5060,5050,5040,5030,5020,5010,5000,5070,5070,
# Packet content column 1       : 5070,5060,5050,5040,5030,5020,5010,5000,5070,5060,5050,5040,5030,5020,5010,5000,5070,5060,5050,5040,5030,5020,5010,5000,5070,5060,5050,5040,5030,5020,5010,5000,5070,5070,
# Packet content column 2       : 5070,5060,5050,5040,5030,5020,5010,5000,5070,5060,5050,5040,5030,5020,5010,5000,5070,5060,5050,5040,5030,5020,5010,5000,5070,5060,5050,5040,5030,5020,5010,5000,5070,5070,
# Packet content column 3       : 5070,5060,5050,5040,5030,5020,5010,5000,5070,5060,5050,5040,5030,5020,5010,5000,5070,5060,5050,5040,5030,5020,5010,5000,5070,5060,5050,5040,5030,5020,5010,5000,5070,5070,
# ------------------------------------------------------------------------------------------------------------------------------------------------------
# Packet header transmit time   : 534331032 ps
# Packet header                 : CA/E0
# Packet size                   : 34
# Packet content column 0       : 6070,6060,6050,6040,6030,6020,6010,6000,6070,6060,6050,6040,6030,6020,6010,6000,6070,6060,6050,6040,6030,6020,6010,6000,6070,6060,6050,6040,6030,6020,6010,6000,6070,6070,
# Packet content column 1       : 6070,6060,6050,6040,6030,6020,6010,6000,6070,6060,6050,6040,6030,6020,6010,6000,6070,6060,6050,6040,6030,6020,6010,6000,6070,6060,6050,6040,6030,6020,6010,6000,6070,6070,
# Packet content column 2       : 6070,6060,6050,6040,6030,6020,6010,6000,6070,6060,6050,6040,6030,6020,6010,6000,6070,6060,6050,6040,6030,6020,6010,6000,6070,6060,6050,6040,6030,6020,6010,6000,6070,6070,
# Packet content column 3       : 6070,6060,6050,6040,6030,6020,6010,6000,6070,6060,6050,6040,6030,6020,6010,6000,6070,6060,6050,6040,6030,6020,6010,6000,6070,6060,6050,6040,6030,6020,6010,6000,6070,6070,
# ------------------------------------------------------------------------------------------------------------------------------------------------------
# Packet header transmit time   : 539773752 ps
# Packet header                 : CA/E0
# Packet size                   : 34
# Packet content column 0       : 7070,7060,7050,7040,7030,7020,7010,7000,7070,7060,7050,7040,7030,7020,7010,7000,7070,7060,7050,7040,7030,7020,7010,7000,7070,7060,7050,7040,7030,7020,7010,7000,7070,7070,
# Packet content column 1       : 7070,7060,7050,7040,7030,7020,7010,7000,7070,7060,7050,7040,7030,7020,7010,7000,7070,7060,7050,7040,7030,7020,7010,7000,7070,7060,7050,7040,7030,7020,7010,7000,7070,7070,
# Packet content column 2       : 7070,7060,7050,7040,7030,7020,7010,7000,7070,7060,7050,7040,7030,7020,7010,7000,7070,7060,7050,7040,7030,7020,7010,7000,7070,7060,7050,7040,7030,7020,7010,7000,7070,7070,
# Packet content column 3       : 7070,7060,7050,7040,7030,7020,7010,7000,7070,7060,7050,7040,7030,7020,7010,7000,7070,7060,7050,7040,7030,7020,7010,7000,7070,7060,7050,7040,7030,7020,7010,7000,7070,7070,
# ------------------------------------------------------------------------------------------------------------------------------------------------------
# Packet header transmit time   : 545216472 ps
# Packet header                 : CA
# Packet size                   : 34
# Packet content column 0       : 7070,7060,7050,7040,7030,7020,7010,7000,7070,7060,7050,7040,7030,7020,7010,7000,7070,7060,7050,7040,7030,7020,7010,7000,7070,7060,7050,7040,7030,7020,7010,7000,7070,7070,
# Packet content column 1       : 7070,7060,7050,7040,7030,7020,7010,7000,7070,7060,7050,7040,7030,7020,7010,7000,7070,7060,7050,7040,7030,7020,7010,7000,7070,7060,7050,7040,7030,7020,7010,7000,7070,7070,
# Packet content column 2       : 7070,7060,7050,7040,7030,7020,7010,7000,7070,7060,7050,7040,7030,7020,7010,7000,7070,7060,7050,7040,7030,7020,7010,7000,7070,7060,7050,7040,7030,7020,7010,7000,7070,7070,
# Packet content column 3       : 7070,7060,7050,7040,7030,7020,7010,7000,7070,7060,7050,7040,7030,7020,7010,7000,7070,7060,7050,7040,7030,7020,7010,7000,7070,7060,7050,7040,7030,7020,7010,7000,7070,7070,
# ------------------------------------------------------------------------------------------------------------------------------------------------------
# Packet header transmit time   : 550659192 ps
# Packet header                 : CA
# Packet size                   : 34
# Packet content column 0       : 7070,7060,7050,7040,7030,7020,7010,7000,7070,7060,7050,7040,7030,7020,7010,7000,7070,7060,7050,7040,7030,7020,7010,7000,7070,7060,7050,7040,7030,7020,7010,7000,7070,7070,
# Packet content column 1       : 7070,7060,7050,7040,7030,7020,7010,7000,7070,7060,7050,7040,7030,7020,7010,7000,7070,7060,7050,7040,7030,7020,7010,7000,7070,7060,7050,7040,7030,7020,7010,7000,7070,7070,
# Packet content column 2       : 7070,7060,7050,7040,7030,7020,7010,7000,7070,7060,7050,7040,7030,7020,7010,7000,7070,7060,7050,7040,7030,7020,7010,7000,7070,7060,7050,7040,7030,7020,7010,7000,7070,7070,
# Packet content column 3       : 7070,7060,7050,7040,7030,7020,7010,7000,7070,7060,7050,7040,7030,7020,7010,7000,7070,7060,7050,7040,7030,7020,7010,7000,7070,7060,7050,7040,7030,7020,7010,7000,7070,7070,
# ------------------------------------------------------------------------------------------------------------------------------------------------------
# Packet header transmit time   : 556101912 ps
# Packet header                 : CA
# Packet size                   : 34
# Packet content column 0       : 7070,7060,7050,7040,7030,7020,7010,7000,7070,7060,7050,7040,7030,7020,7010,7000,7070,7060,7050,7040,7030,7020,7010,7000,7070,7060,7050,7040,7030,7020,7010,7000,7070,7070,
# Packet content column 1       : 7070,7060,7050,7040,7030,7020,7010,7000,7070,7060,7050,7040,7030,7020,7010,7000,7070,7060,7050,7040,7030,7020,7010,7000,7070,7060,7050,7040,7030,7020,7010,7000,7070,7070,
# Packet content column 2       : 7070,7060,7050,7040,7030,7020,7010,7000,7070,7060,7050,7040,7030,7020,7010,7000,7070,7060,7050,7040,7030,7020,7010,7000,7070,7060,7050,7040,7030,7020,7010,7000,7070,7070,
# Packet content column 3       : 7070,7060,7050,7040,7030,7020,7010,7000,7070,7060,7050,7040,7030,7020,7010,7000,7070,7060,7050,7040,7030,7020,7010,7000,7070,7060,7050,7040,7030,7020,7010,7000,7070,7070,
# ------------------------------------------------------------------------------------------------------------------------------------------------------
# Packet header transmit time   : 561544632 ps
# Packet header                 : CA
# Packet size                   : 34
# Packet content column 0       : 7070,7060,7050,7040,7030,7020,7010,7000,7070,7060,7050,7040,7030,7020,7010,7000,7070,7060,7050,7040,7030,7020,7010,7000,7070,7060,7050,7040,7030,7020,7010,7000,7070,7070,
# Packet content column 1       : 7070,7060,7050,7040,7030,7020,7010,7000,7070,7060,7050,7040,7030,7020,7010,7000,7070,7060,7050,7040,7030,7020,7010,7000,7070,7060,7050,7040,7030,7020,7010,7000,7070,7070,
# Packet content column 2       : 7070,7060,7050,7040,7030,7020,7010,7000,7070,7060,7050,7040,7030,7020,7010,7000,7070,7060,7050,7040,7030,7020,7010,7000,7070,7060,7050,7040,7030,7020,7010,7000,7070,7070,
# Packet content column 3       : 7070,7060,7050,7040,7030,7020,7010,7000,7070,7060,7050,7040,7030,7020,7010,7000,7070,7060,7050,7040,7030,7020,7010,7000,7070,7060,7050,7040,7030,7020,7010,7000,7070,7070,
# ------------------------------------------------------------------------------------------------------------------------------------------------------
# Packet header transmit time   : 566987352 ps
# Packet header                 : CA/E0
# Packet size                   : 34
# Packet content column 0       : 6270,6260,6250,6240,6230,6220,6210,6200,6270,6260,6250,6240,6230,6220,6210,6200,6270,6260,6250,6240,6230,6220,6210,6200,6270,6260,6250,6240,6230,6220,6210,6200,6270,6270,
# Packet content column 1       : 6270,6260,6250,6240,6230,6220,6210,6200,6270,6260,6250,6240,6230,6220,6210,6200,6270,6260,6250,6240,6230,6220,6210,6200,6270,6260,6250,6240,6230,6220,6210,6200,6270,6270,
# Packet content column 2       : 6270,6260,6250,6240,6230,6220,6210,6200,6270,6260,6250,6240,6230,6220,6210,6200,6270,6260,6250,6240,6230,6220,6210,6200,6270,6260,6250,6240,6230,6220,6210,6200,6270,6270,
# Packet content column 3       : 6270,6260,6250,6240,6230,6220,6210,6200,6270,6260,6250,6240,6230,6220,6210,6200,6270,6260,6250,6240,6230,6220,6210,6200,6270,6260,6250,6240,6230,6220,6210,6200,6270,6270,
# ------------------------------------------------------------------------------------------------------------------------------------------------------
# Packet header transmit time   : 572430072 ps
# Packet header                 : CA/E0
# Packet size                   : 34
# Packet content column 0       : 5470,5460,5450,5440,5430,5420,5410,5400,5470,5460,5450,5440,5430,5420,5410,5400,5470,5460,5450,5440,5430,5420,5410,5400,5470,5460,5450,5440,5430,5420,5410,5400,5470,5470,
# Packet content column 1       : 5470,5460,5450,5440,5430,5420,5410,5400,5470,5460,5450,5440,5430,5420,5410,5400,5470,5460,5450,5440,5430,5420,5410,5400,5470,5460,5450,5440,5430,5420,5410,5400,5470,5470,
# Packet content column 2       : 5470,5460,5450,5440,5430,5420,5410,5400,5470,5460,5450,5440,5430,5420,5410,5400,5470,5460,5450,5440,5430,5420,5410,5400,5470,5460,5450,5440,5430,5420,5410,5400,5470,5470,
# Packet content column 3       : 5470,5460,5450,5440,5430,5420,5410,5400,5470,5460,5450,5440,5430,5420,5410,5400,5470,5460,5450,5440,5430,5420,5410,5400,5470,5460,5450,5440,5430,5420,5410,5400,5470,5470,
# ------------------------------------------------------------------------------------------------------------------------------------------------------
# Packet header transmit time   : 577872792 ps
# Packet header                 : CA/E0
# Packet size                   : 34
# Packet content column 0       : 4670,4660,4650,4640,4630,4620,4610,4600,4670,4660,4650,4640,4630,4620,4610,4600,4670,4660,4650,4640,4630,4620,4610,4600,4670,4660,4650,4640,4630,4620,4610,4600,4670,4670,
# Packet content column 1       : 4670,4660,4650,4640,4630,4620,4610,4600,4670,4660,4650,4640,4630,4620,4610,4600,4670,4660,4650,4640,4630,4620,4610,4600,4670,4660,4650,4640,4630,4620,4610,4600,4670,4670,
# Packet content column 2       : 4670,4660,4650,4640,4630,4620,4610,4600,4670,4660,4650,4640,4630,4620,4610,4600,4670,4660,4650,4640,4630,4620,4610,4600,4670,4660,4650,4640,4630,4620,4610,4600,4670,4670,
# Packet content column 3       : 4670,4660,4650,4640,4630,4620,4610,4600,4670,4660,4650,4640,4630,4620,4610,4600,4670,4660,4650,4640,4630,4620,4610,4600,4670,4660,4650,4640,4630,4620,4610,4600,4670,4670,
# ------------------------------------------------------------------------------------------------------------------------------------------------------
# Packet header transmit time   : 583315512 ps
# Packet header                 : CA/E0
# Packet size                   : 34
# Packet content column 0       : 3870,3860,3850,3840,3830,3820,3810,3800,3870,3860,3850,3840,3830,3820,3810,3800,3870,3860,3850,3840,3830,3820,3810,3800,3870,3860,3850,3840,3830,3820,3810,3800,3870,3870,
# Packet content column 1       : 3870,3860,3850,3840,3830,3820,3810,3800,3870,3860,3850,3840,3830,3820,3810,3800,3870,3860,3850,3840,3830,3820,3810,3800,3870,3860,3850,3840,3830,3820,3810,3800,3870,3870,
# Packet content column 2       : 3870,3860,3850,3840,3830,3820,3810,3800,3870,3860,3850,3840,3830,3820,3810,3800,3870,3860,3850,3840,3830,3820,3810,3800,3870,3860,3850,3840,3830,3820,3810,3800,3870,3870,
# Packet content column 3       : 3870,3860,3850,3840,3830,3820,3810,3800,3870,3860,3850,3840,3830,3820,3810,3800,3870,3860,3850,3840,3830,3820,3810,3800,3870,3860,3850,3840,3830,3820,3810,3800,3870,3870,
# ------------------------------------------------------------------------------------------------------------------------------------------------------
# Packet header transmit time   : 588758232 ps
# Packet header                 : CA/E0
# Packet size                   : 34
# Packet content column 0       : 2A70,2A60,2A50,2A40,2A30,2A20,2A10,2A00,2A70,2A60,2A50,2A40,2A30,2A20,2A10,2A00,2A70,2A60,2A50,2A40,2A30,2A20,2A10,2A00,2A70,2A60,2A50,2A40,2A30,2A20,2A10,2A00,2A70,2A70,
# Packet content column 1       : 2A70,2A60,2A50,2A40,2A30,2A20,2A10,2A00,2A70,2A60,2A50,2A40,2A30,2A20,2A10,2A00,2A70,2A60,2A50,2A40,2A30,2A20,2A10,2A00,2A70,2A60,2A50,2A40,2A30,2A20,2A10,2A00,2A70,2A70,
# Packet content column 2       : 2A70,2A60,2A50,2A40,2A30,2A20,2A10,2A00,2A70,2A60,2A50,2A40,2A30,2A20,2A10,2A00,2A70,2A60,2A50,2A40,2A30,2A20,2A10,2A00,2A70,2A60,2A50,2A40,2A30,2A20,2A10,2A00,2A70,2A70,
# Packet content column 3       : 2A70,2A60,2A50,2A40,2A30,2A20,2A10,2A00,2A70,2A60,2A50,2A40,2A30,2A20,2A10,2A00,2A70,2A60,2A50,2A40,2A30,2A20,2A10,2A00,2A70,2A60,2A50,2A40,2A30,2A20,2A10,2A00,2A70,2A70,
# ------------------------------------------------------------------------------------------------------------------------------------------------------
# Packet header transmit time   : 594200952 ps
# Packet header                 : CA/E0
# Packet size                   : 34
# Packet content column 0       : 1C70,1C60,1C50,1C40,1C30,1C20,1C10,1C00,1C70,1C60,1C50,1C40,1C30,1C20,1C10,1C00,1C70,1C60,1C50,1C40,1C30,1C20,1C10,1C00,1C70,1C60,1C50,1C40,1C30,1C20,1C10,1C00,1C70,1C70,
# Packet content column 1       : 1C70,1C60,1C50,1C40,1C30,1C20,1C10,1C00,1C70,1C60,1C50,1C40,1C30,1C20,1C10,1C00,1C70,1C60,1C50,1C40,1C30,1C20,1C10,1C00,1C70,1C60,1C50,1C40,1C30,1C20,1C10,1C00,1C70,1C70,
# Packet content column 2       : 1C70,1C60,1C50,1C40,1C30,1C20,1C10,1C00,1C70,1C60,1C50,1C40,1C30,1C20,1C10,1C00,1C70,1C60,1C50,1C40,1C30,1C20,1C10,1C00,1C70,1C60,1C50,1C40,1C30,1C20,1C10,1C00,1C70,1C70,
# Packet content column 3       : 1C70,1C60,1C50,1C40,1C30,1C20,1C10,1C00,1C70,1C60,1C50,1C40,1C30,1C20,1C10,1C00,1C70,1C60,1C50,1C40,1C30,1C20,1C10,1C00,1C70,1C60,1C50,1C40,1C30,1C20,1C10,1C00,1C70,1C70,
# ------------------------------------------------------------------------------------------------------------------------------------------------------
# Packet header transmit time   : 599643672 ps
# Packet header                 : CA/E0
# Packet size                   : 34
# Packet content column 0       : 0E70,0E60,0E50,0E40,0E30,0E20,0E10,0E00,0E70,0E60,0E50,0E40,0E30,0E20,0E10,0E00,0E70,0E60,0E50,0E40,0E30,0E20,0E10,0E00,0E70,0E60,0E50,0E40,0E30,0E20,0E10,0E00,0E70,0E70,
# Packet content column 1       : 0E70,0E60,0E50,0E40,0E30,0E20,0E10,0E00,0E70,0E60,0E50,0E40,0E30,0E20,0E10,0E00,0E70,0E60,0E50,0E40,0E30,0E20,0E10,0E00,0E70,0E60,0E50,0E40,0E30,0E20,0E10,0E00,0E70,0E70,
# Packet content column 2       : 0E70,0E60,0E50,0E40,0E30,0E20,0E10,0E00,0E70,0E60,0E50,0E40,0E30,0E20,0E10,0E00,0E70,0E60,0E50,0E40,0E30,0E20,0E10,0E00,0E70,0E60,0E50,0E40,0E30,0E20,0E10,0E00,0E70,0E70,
# Packet content column 3       : 0E70,0E60,0E50,0E40,0E30,0E20,0E10,0E00,0E70,0E60,0E50,0E40,0E30,0E20,0E10,0E00,0E70,0E60,0E50,0E40,0E30,0E20,0E10,0E00,0E70,0E60,0E50,0E40,0E30,0E20,0E10,0E00,0E70,0E70,
# ------------------------------------------------------------------------------------------------------------------------------------------------------
# Packet header transmit time   : 605086392 ps
# Packet header                 : CA/E0
# Packet size                   : 34
# Packet content column 0       : 0070,0060,0050,0040,0030,0020,0010,0000,0070,0060,0050,0040,0030,0020,0010,0000,0070,0060,0050,0040,0030,0020,0010,0000,0070,0060,0050,0040,0030,0020,0010,0000,0070,0070,
# Packet content column 1       : 0070,0060,0050,0040,0030,0020,0010,0000,0070,0060,0050,0040,0030,0020,0010,0000,0070,0060,0050,0040,0030,0020,0010,0000,0070,0060,0050,0040,0030,0020,0010,0000,0070,0070,
# Packet content column 2       : 0070,0060,0050,0040,0030,0020,0010,0000,0070,0060,0050,0040,0030,0020,0010,0000,0070,0060,0050,0040,0030,0020,0010,0000,0070,0060,0050,0040,0030,0020,0010,0000,0070,0070,
# Packet content column 3       : 0070,0060,0050,0040,0030,0020,0010,0000,0070,0060,0050,0040,0030,0020,0010,0000,0070,0060,0050,0040,0030,0020,0010,0000,0070,0060,0050,0040,0030,0020,0010,0000,0070,0070,
# ------------------------------------------------------------------------------------------------------------------------------------------------------
# Packet header transmit time   : 610529112 ps
# Packet header                 : CA
# Packet size                   : 34
# Packet content column 0       : 0070,0060,0050,0040,0030,0020,0010,0000,0070,0060,0050,0040,0030,0020,0010,0000,0070,0060,0050,0040,0030,0020,0010,0000,0070,0060,0050,0040,0030,0020,0010,0000,0070,0070,
# Packet content column 1       : 0070,0060,0050,0040,0030,0020,0010,0000,0070,0060,0050,0040,0030,0020,0010,0000,0070,0060,0050,0040,0030,0020,0010,0000,0070,0060,0050,0040,0030,0020,0010,0000,0070,0070,
# Packet content column 2       : 0070,0060,0050,0040,0030,0020,0010,0000,0070,0060,0050,0040,0030,0020,0010,0000,0070,0060,0050,0040,0030,0020,0010,0000,0070,0060,0050,0040,0030,0020,0010,0000,0070,0070,
# Packet content column 3       : 0070,0060,0050,0040,0030,0020,0010,0000,0070,0060,0050,0040,0030,0020,0010,0000,0070,0060,0050,0040,0030,0020,0010,0000,0070,0060,0050,0040,0030,0020,0010,0000,0070,0070,
# ------------------------------------------------------------------------------------------------------------------------------------------------------
# Packet header transmit time   : 615971832 ps
# Packet header                 : CA/E8
# Packet size                   : 34
# Packet content column 0       : 0070,0060,0050,0040,0030,0020,0010,0000,0070,0060,0050,0040,0030,0020,0010,0000,0070,0060,0050,0040,0030,0020,0010,0000,0070,0060,0050,0040,0030,0020,0010,0000,0070,0070,
# Packet content column 1       : 0070,0060,0050,0040,0030,0020,0010,0000,0070,0060,0050,0040,0030,0020,0010,0000,0070,0060,0050,0040,0030,0020,0010,0000,0070,0060,0050,0040,0030,0020,0010,0000,0070,0070,
# Packet content column 2       : 0070,0060,0050,0040,0030,0020,0010,0000,0070,0060,0050,0040,0030,0020,0010,0000,0070,0060,0050,0040,0030,0020,0010,0000,0070,0060,0050,0040,0030,0020,0010,0000,0070,0070,
# Packet content column 3       : 0070,0060,0050,0040,0030,0020,0010,0000,0070,0060,0050,0040,0030,0020,0010,0000,0070,0060,0050,0040,0030,0020,0010,0000,0070,0060,0050,0040,0030,0020,0010,0000,0070,0070,
# ------------------------------------------------------------------------------------------------------------------------------------------------------
# Packet header transmit time   : 621414552 ps
# Packet header                 : CA
# Packet size                   : 34
# Packet content column 0       : 0070,0060,0050,0040,0030,0020,0010,0000,0070,0060,0050,0040,0030,0020,0010,0000,0070,0060,0050,0040,0030,0020,0010,0000,0070,0060,0050,0040,0030,0020,0010,0000,0070,0070,
# Packet content column 1       : 0070,0060,0050,0040,0030,0020,0010,0000,0070,0060,0050,0040,0030,0020,0010,0000,0070,0060,0050,0040,0030,0020,0010,0000,0070,0060,0050,0040,0030,0020,0010,0000,0070,0070,
# Packet content column 2       : 0070,0060,0050,0040,0030,0020,0010,0000,0070,0060,0050,0040,0030,0020,0010,0000,0070,0060,0050,0040,0030,0020,0010,0000,0070,0060,0050,0040,0030,0020,0010,0000,0070,0070,
# Packet content column 3       : 0070,0060,0050,0040,0030,0020,0010,0000,0070,0060,0050,0040,0030,0020,0010,0000,0070,0060,0050,0040,0030,0020,0010,0000,0070,0060,0050,0040,0030,0020,0010,0000,0070,0070,
# ------------------------------------------------------------------------------------------------------------------------------------------------------
# Packet header transmit time   : 626857272 ps
# Packet header                 : CA
# Packet size                   : 34
# Packet content column 0       : 0070,0060,0050,0040,0030,0020,0010,0000,0070,0060,0050,0040,0030,0020,0010,0000,0070,0060,0050,0040,0030,0020,0010,0000,0070,0060,0050,0040,0030,0020,0010,0000,0070,0070,
# Packet content column 1       : 0070,0060,0050,0040,0030,0020,0010,0000,0070,0060,0050,0040,0030,0020,0010,0000,0070,0060,0050,0040,0030,0020,0010,0000,0070,0060,0050,0040,0030,0020,0010,0000,0070,0070,
# Packet content column 2       : 0070,0060,0050,0040,0030,0020,0010,0000,0070,0060,0050,0040,0030,0020,0010,0000,0070,0060,0050,0040,0030,0020,0010,0000,0070,0060,0050,0040,0030,0020,0010,0000,0070,0070,
# Packet content column 3       : 0070,0060,0050,0040,0030,0020,0010,0000,0070,0060,0050,0040,0030,0020,0010,0000,0070,0060,0050,0040,0030,0020,0010,0000,0070,0060,0050,0040,0030,0020,0010,0000,0070,0070,
# ------------------------------------------------------------------------------------------------------------------------------------------------------
# Packet header transmit time   : 632299992 ps
# Packet header                 : CA
# Packet size                   : 34
# Packet content column 0       : 0070,0060,0050,0040,0030,0020,0010,0000,0070,0060,0050,0040,0030,0020,0010,0000,0070,0060,0050,0040,0030,0020,0010,0000,0070,0060,0050,0040,0030,0020,0010,0000,0070,0070,
# Packet content column 1       : 0070,0060,0050,0040,0030,0020,0010,0000,0070,0060,0050,0040,0030,0020,0010,0000,0070,0060,0050,0040,0030,0020,0010,0000,0070,0060,0050,0040,0030,0020,0010,0000,0070,0070,
# Packet content column 2       : 0070,0060,0050,0040,0030,0020,0010,0000,0070,0060,0050,0040,0030,0020,0010,0000,0070,0060,0050,0040,0030,0020,0010,0000,0070,0060,0050,0040,0030,0020,0010,0000,0070,0070,
# Packet content column 3       : 0070,0060,0050,0040,0030,0020,0010,0000,0070,0060,0050,0040,0030,0020,0010,0000,0070,0060,0050,0040,0030,0020,0010,0000,0070,0060,0050,0040,0030,0020,0010,0000,0070,0070,
# ------------------------------------------------------------------------------------------------------------------------------------------------------
# Packet header transmit time   : 637742712 ps
# Packet header                 : CA/E0
# Packet size                   : 34
# Packet content column 0       : 1070,1060,1050,1040,1030,1020,1010,1000,1070,1060,1050,1040,1030,1020,1010,1000,1070,1060,1050,1040,1030,1020,1010,1000,1070,1060,1050,1040,1030,1020,1010,1000,1070,1070,
# Packet content column 1       : 1070,1060,1050,1040,1030,1020,1010,1000,1070,1060,1050,1040,1030,1020,1010,1000,1070,1060,1050,1040,1030,1020,1010,1000,1070,1060,1050,1040,1030,1020,1010,1000,1070,1070,
# Packet content column 2       : 1070,1060,1050,1040,1030,1020,1010,1000,1070,1060,1050,1040,1030,1020,1010,1000,1070,1060,1050,1040,1030,1020,1010,1000,1070,1060,1050,1040,1030,1020,1010,1000,1070,1070,
# Packet content column 3       : 1070,1060,1050,1040,1030,1020,1010,1000,1070,1060,1050,1040,1030,1020,1010,1000,1070,1060,1050,1040,1030,1020,1010,1000,1070,1060,1050,1040,1030,1020,1010,1000,1070,1070,
# ------------------------------------------------------------------------------------------------------------------------------------------------------
# Packet header transmit time   : 643185432 ps
# Packet header                 : CA/E0
# Packet size                   : 34
# Packet content column 0       : 2070,2060,2050,2040,2030,2020,2010,2000,2070,2060,2050,2040,2030,2020,2010,2000,2070,2060,2050,2040,2030,2020,2010,2000,2070,2060,2050,2040,2030,2020,2010,2000,2070,2070,
# Packet content column 1       : 2070,2060,2050,2040,2030,2020,2010,2000,2070,2060,2050,2040,2030,2020,2010,2000,2070,2060,2050,2040,2030,2020,2010,2000,2070,2060,2050,2040,2030,2020,2010,2000,2070,2070,
# Packet content column 2       : 2070,2060,2050,2040,2030,2020,2010,2000,2070,2060,2050,2040,2030,2020,2010,2000,2070,2060,2050,2040,2030,2020,2010,2000,2070,2060,2050,2040,2030,2020,2010,2000,2070,2070,
# Packet content column 3       : 2070,2060,2050,2040,2030,2020,2010,2000,2070,2060,2050,2040,2030,2020,2010,2000,2070,2060,2050,2040,2030,2020,2010,2000,2070,2060,2050,2040,2030,2020,2010,2000,2070,2070,
# ------------------------------------------------------------------------------------------------------------------------------------------------------
# Packet header transmit time   : 648628152 ps
# Packet header                 : CA/E0
# Packet size                   : 34
# Packet content column 0       : 3070,3060,3050,3040,3030,3020,3010,3000,3070,3060,3050,3040,3030,3020,3010,3000,3070,3060,3050,3040,3030,3020,3010,3000,3070,3060,3050,3040,3030,3020,3010,3000,3070,3070,
# Packet content column 1       : 3070,3060,3050,3040,3030,3020,3010,3000,3070,3060,3050,3040,3030,3020,3010,3000,3070,3060,3050,3040,3030,3020,3010,3000,3070,3060,3050,3040,3030,3020,3010,3000,3070,3070,
# Packet content column 2       : 3070,3060,3050,3040,3030,3020,3010,3000,3070,3060,3050,3040,3030,3020,3010,3000,3070,3060,3050,3040,3030,3020,3010,3000,3070,3060,3050,3040,3030,3020,3010,3000,3070,3070,
# Packet content column 3       : 3070,3060,3050,3040,3030,3020,3010,3000,3070,3060,3050,3040,3030,3020,3010,3000,3070,3060,3050,3040,3030,3020,3010,3000,3070,3060,3050,3040,3030,3020,3010,3000,3070,3070,
# ------------------------------------------------------------------------------------------------------------------------------------------------------
# Packet header transmit time   : 654070872 ps
# Packet header                 : CA/E0
# Packet size                   : 34
# Packet content column 0       : 4070,4060,4050,4040,4030,4020,4010,4000,4070,4060,4050,4040,4030,4020,4010,4000,4070,4060,4050,4040,4030,4020,4010,4000,4070,4060,4050,4040,4030,4020,4010,4000,4070,4070,
# Packet content column 1       : 4070,4060,4050,4040,4030,4020,4010,4000,4070,4060,4050,4040,4030,4020,4010,4000,4070,4060,4050,4040,4030,4020,4010,4000,4070,4060,4050,4040,4030,4020,4010,4000,4070,4070,
# Packet content column 2       : 4070,4060,4050,4040,4030,4020,4010,4000,4070,4060,4050,4040,4030,4020,4010,4000,4070,4060,4050,4040,4030,4020,4010,4000,4070,4060,4050,4040,4030,4020,4010,4000,4070,4070,
# Packet content column 3       : 4070,4060,4050,4040,4030,4020,4010,4000,4070,4060,4050,4040,4030,4020,4010,4000,4070,4060,4050,4040,4030,4020,4010,4000,4070,4060,4050,4040,4030,4020,4010,4000,4070,4070,
# ------------------------------------------------------------------------------------------------------------------------------------------------------
# Packet header transmit time   : 659513592 ps
# Packet header                 : CA/E0
# Packet size                   : 34
# Packet content column 0       : 5070,5060,5050,5040,5030,5020,5010,5000,5070,5060,5050,5040,5030,5020,5010,5000,5070,5060,5050,5040,5030,5020,5010,5000,5070,5060,5050,5040,5030,5020,5010,5000,5070,5070,
# Packet content column 1       : 5070,5060,5050,5040,5030,5020,5010,5000,5070,5060,5050,5040,5030,5020,5010,5000,5070,5060,5050,5040,5030,5020,5010,5000,5070,5060,5050,5040,5030,5020,5010,5000,5070,5070,
# Packet content column 2       : 5070,5060,5050,5040,5030,5020,5010,5000,5070,5060,5050,5040,5030,5020,5010,5000,5070,5060,5050,5040,5030,5020,5010,5000,5070,5060,5050,5040,5030,5020,5010,5000,5070,5070,
# Packet content column 3       : 5070,5060,5050,5040,5030,5020,5010,5000,5070,5060,5050,5040,5030,5020,5010,5000,5070,5060,5050,5040,5030,5020,5010,5000,5070,5060,5050,5040,5030,5020,5010,5000,5070,5070,
# ------------------------------------------------------------------------------------------------------------------------------------------------------
# Packet header transmit time   : 664956312 ps
# Packet header                 : CA/E0
# Packet size                   : 34
# Packet content column 0       : 6070,6060,6050,6040,6030,6020,6010,6000,6070,6060,6050,6040,6030,6020,6010,6000,6070,6060,6050,6040,6030,6020,6010,6000,6070,6060,6050,6040,6030,6020,6010,6000,6070,6070,
# Packet content column 1       : 6070,6060,6050,6040,6030,6020,6010,6000,6070,6060,6050,6040,6030,6020,6010,6000,6070,6060,6050,6040,6030,6020,6010,6000,6070,6060,6050,6040,6030,6020,6010,6000,6070,6070,
# Packet content column 2       : 6070,6060,6050,6040,6030,6020,6010,6000,6070,6060,6050,6040,6030,6020,6010,6000,6070,6060,6050,6040,6030,6020,6010,6000,6070,6060,6050,6040,6030,6020,6010,6000,6070,6070,
# Packet content column 3       : 6070,6060,6050,6040,6030,6020,6010,6000,6070,6060,6050,6040,6030,6020,6010,6000,6070,6060,6050,6040,6030,6020,6010,6000,6070,6060,6050,6040,6030,6020,6010,6000,6070,6070,
# ------------------------------------------------------------------------------------------------------------------------------------------------------
# Packet header transmit time   : 670399032 ps
# Packet header                 : CA/E0
# Packet size                   : 34
# Packet content column 0       : 7070,7060,7050,7040,7030,7020,7010,7000,7070,7060,7050,7040,7030,7020,7010,7000,7070,7060,7050,7040,7030,7020,7010,7000,7070,7060,7050,7040,7030,7020,7010,7000,7070,7070,
# Packet content column 1       : 7070,7060,7050,7040,7030,7020,7010,7000,7070,7060,7050,7040,7030,7020,7010,7000,7070,7060,7050,7040,7030,7020,7010,7000,7070,7060,7050,7040,7030,7020,7010,7000,7070,7070,
# Packet content column 2       : 7070,7060,7050,7040,7030,7020,7010,7000,7070,7060,7050,7040,7030,7020,7010,7000,7070,7060,7050,7040,7030,7020,7010,7000,7070,7060,7050,7040,7030,7020,7010,7000,7070,7070,
# Packet content column 3       : 7070,7060,7050,7040,7030,7020,7010,7000,7070,7060,7050,7040,7030,7020,7010,7000,7070,7060,7050,7040,7030,7020,7010,7000,7070,7060,7050,7040,7030,7020,7010,7000,7070,7070,
# ------------------------------------------------------------------------------------------------------------------------------------------------------
# Packet header transmit time   : 675841752 ps
# Packet header                 : CA
# Packet size                   : 34
# Packet content column 0       : 7070,7060,7050,7040,7030,7020,7010,7000,7070,7060,7050,7040,7030,7020,7010,7000,7070,7060,7050,7040,7030,7020,7010,7000,7070,7060,7050,7040,7030,7020,7010,7000,7070,7070,
# Packet content column 1       : 7070,7060,7050,7040,7030,7020,7010,7000,7070,7060,7050,7040,7030,7020,7010,7000,7070,7060,7050,7040,7030,7020,7010,7000,7070,7060,7050,7040,7030,7020,7010,7000,7070,7070,
# Packet content column 2       : 7070,7060,7050,7040,7030,7020,7010,7000,7070,7060,7050,7040,7030,7020,7010,7000,7070,7060,7050,7040,7030,7020,7010,7000,7070,7060,7050,7040,7030,7020,7010,7000,7070,7070,
# Packet content column 3       : 7070,7060,7050,7040,7030,7020,7010,7000,7070,7060,7050,7040,7030,7020,7010,7000,7070,7060,7050,7040,7030,7020,7010,7000,7070,7060,7050,7040,7030,7020,7010,7000,7070,7070,
# ------------------------------------------------------------------------------------------------------------------------------------------------------
# Packet header transmit time   : 681284472 ps
# Packet header                 : CA
# Packet size                   : 34
# Packet content column 0       : 7070,7060,7050,7040,7030,7020,7010,7000,7070,7060,7050,7040,7030,7020,7010,7000,7070,7060,7050,7040,7030,7020,7010,7000,7070,7060,7050,7040,7030,7020,7010,7000,7070,7070,
# Packet content column 1       : 7070,7060,7050,7040,7030,7020,7010,7000,7070,7060,7050,7040,7030,7020,7010,7000,7070,7060,7050,7040,7030,7020,7010,7000,7070,7060,7050,7040,7030,7020,7010,7000,7070,7070,
# Packet content column 2       : 7070,7060,7050,7040,7030,7020,7010,7000,7070,7060,7050,7040,7030,7020,7010,7000,7070,7060,7050,7040,7030,7020,7010,7000,7070,7060,7050,7040,7030,7020,7010,7000,7070,7070,
# Packet content column 3       : 7070,7060,7050,7040,7030,7020,7010,7000,7070,7060,7050,7040,7030,7020,7010,7000,7070,7060,7050,7040,7030,7020,7010,7000,7070,7060,7050,7040,7030,7020,7010,7000,7070,7070,
# ------------------------------------------------------------------------------------------------------------------------------------------------------
# Packet header transmit time   : 686727192 ps
# Packet header                 : CA
# Packet size                   : 34
# Packet content column 0       : 7070,7060,7050,7040,7030,7020,7010,7000,7070,7060,7050,7040,7030,7020,7010,7000,7070,7060,7050,7040,7030,7020,7010,7000,7070,7060,7050,7040,7030,7020,7010,7000,7070,7070,
# Packet content column 1       : 7070,7060,7050,7040,7030,7020,7010,7000,7070,7060,7050,7040,7030,7020,7010,7000,7070,7060,7050,7040,7030,7020,7010,7000,7070,7060,7050,7040,7030,7020,7010,7000,7070,7070,
# Packet content column 2       : 7070,7060,7050,7040,7030,7020,7010,7000,7070,7060,7050,7040,7030,7020,7010,7000,7070,7060,7050,7040,7030,7020,7010,7000,7070,7060,7050,7040,7030,7020,7010,7000,7070,7070,
# Packet content column 3       : 7070,7060,7050,7040,7030,7020,7010,7000,7070,7060,7050,7040,7030,7020,7010,7000,7070,7060,7050,7040,7030,7020,7010,7000,7070,7060,7050,7040,7030,7020,7010,7000,7070,7070,
# ------------------------------------------------------------------------------------------------------------------------------------------------------
# Packet header transmit time   : 692169912 ps
# Packet header                 : CA
# Packet size                   : 34
# Packet content column 0       : 7070,7060,7050,7040,7030,7020,7010,7000,7070,7060,7050,7040,7030,7020,7010,7000,7070,7060,7050,7040,7030,7020,7010,7000,7070,7060,7050,7040,7030,7020,7010,7000,7070,7070,
# Packet content column 1       : 7070,7060,7050,7040,7030,7020,7010,7000,7070,7060,7050,7040,7030,7020,7010,7000,7070,7060,7050,7040,7030,7020,7010,7000,7070,7060,7050,7040,7030,7020,7010,7000,7070,7070,
# Packet content column 2       : 7070,7060,7050,7040,7030,7020,7010,7000,7070,7060,7050,7040,7030,7020,7010,7000,7070,7060,7050,7040,7030,7020,7010,7000,7070,7060,7050,7040,7030,7020,7010,7000,7070,7070,
# Packet content column 3       : 7070,7060,7050,7040,7030,7020,7010,7000,7070,7060,7050,7040,7030,7020,7010,7000,7070,7060,7050,7040,7030,7020,7010,7000,7070,7060,7050,7040,7030,7020,7010,7000,7070,7070,
# ------------------------------------------------------------------------------------------------------------------------------------------------------
# Packet header transmit time   : 697612632 ps
# Packet header                 : CA/E0
# Packet size                   : 34
# Packet content column 0       : 6270,6260,6250,6240,6230,6220,6210,6200,6270,6260,6250,6240,6230,6220,6210,6200,6270,6260,6250,6240,6230,6220,6210,6200,6270,6260,6250,6240,6230,6220,6210,6200,6270,6270,
# Packet content column 1       : 6270,6260,6250,6240,6230,6220,6210,6200,6270,6260,6250,6240,6230,6220,6210,6200,6270,6260,6250,6240,6230,6220,6210,6200,6270,6260,6250,6240,6230,6220,6210,6200,6270,6270,
# Packet content column 2       : 6270,6260,6250,6240,6230,6220,6210,6200,6270,6260,6250,6240,6230,6220,6210,6200,6270,6260,6250,6240,6230,6220,6210,6200,6270,6260,6250,6240,6230,6220,6210,6200,6270,6270,
# Packet content column 3       : 6270,6260,6250,6240,6230,6220,6210,6200,6270,6260,6250,6240,6230,6220,6210,6200,6270,6260,6250,6240,6230,6220,6210,6200,6270,6260,6250,6240,6230,6220,6210,6200,6270,6270,
# ------------------------------------------------------------------------------------------------------------------------------------------------------
# Packet header transmit time   : 703055352 ps
# Packet header                 : CA/E0
# Packet size                   : 34
# Packet content column 0       : 5470,5460,5450,5440,5430,5420,5410,5400,5470,5460,5450,5440,5430,5420,5410,5400,5470,5460,5450,5440,5430,5420,5410,5400,5470,5460,5450,5440,5430,5420,5410,5400,5470,5470,
# Packet content column 1       : 5470,5460,5450,5440,5430,5420,5410,5400,5470,5460,5450,5440,5430,5420,5410,5400,5470,5460,5450,5440,5430,5420,5410,5400,5470,5460,5450,5440,5430,5420,5410,5400,5470,5470,
# Packet content column 2       : 5470,5460,5450,5440,5430,5420,5410,5400,5470,5460,5450,5440,5430,5420,5410,5400,5470,5460,5450,5440,5430,5420,5410,5400,5470,5460,5450,5440,5430,5420,5410,5400,5470,5470,
# Packet content column 3       : 5470,5460,5450,5440,5430,5420,5410,5400,5470,5460,5450,5440,5430,5420,5410,5400,5470,5460,5450,5440,5430,5420,5410,5400,5470,5460,5450,5440,5430,5420,5410,5400,5470,5470,
# ------------------------------------------------------------------------------------------------------------------------------------------------------
# Packet header transmit time   : 708498072 ps
# Packet header                 : CA/E0
# Packet size                   : 34
# Packet content column 0       : 4670,4660,4650,4640,4630,4620,4610,4600,4670,4660,4650,4640,4630,4620,4610,4600,4670,4660,4650,4640,4630,4620,4610,4600,4670,4660,4650,4640,4630,4620,4610,4600,4670,4670,
# Packet content column 1       : 4670,4660,4650,4640,4630,4620,4610,4600,4670,4660,4650,4640,4630,4620,4610,4600,4670,4660,4650,4640,4630,4620,4610,4600,4670,4660,4650,4640,4630,4620,4610,4600,4670,4670,
# Packet content column 2       : 4670,4660,4650,4640,4630,4620,4610,4600,4670,4660,4650,4640,4630,4620,4610,4600,4670,4660,4650,4640,4630,4620,4610,4600,4670,4660,4650,4640,4630,4620,4610,4600,4670,4670,
# Packet content column 3       : 4670,4660,4650,4640,4630,4620,4610,4600,4670,4660,4650,4640,4630,4620,4610,4600,4670,4660,4650,4640,4630,4620,4610,4600,4670,4660,4650,4640,4630,4620,4610,4600,4670,4670,
# ------------------------------------------------------------------------------------------------------------------------------------------------------
# Packet header transmit time   : 713940792 ps
# Packet header                 : CA/E0
# Packet size                   : 34
# Packet content column 0       : 3870,3860,3850,3840,3830,3820,3810,3800,3870,3860,3850,3840,3830,3820,3810,3800,3870,3860,3850,3840,3830,3820,3810,3800,3870,3860,3850,3840,3830,3820,3810,3800,3870,3870,
# Packet content column 1       : 3870,3860,3850,3840,3830,3820,3810,3800,3870,3860,3850,3840,3830,3820,3810,3800,3870,3860,3850,3840,3830,3820,3810,3800,3870,3860,3850,3840,3830,3820,3810,3800,3870,3870,
# Packet content column 2       : 3870,3860,3850,3840,3830,3820,3810,3800,3870,3860,3850,3840,3830,3820,3810,3800,3870,3860,3850,3840,3830,3820,3810,3800,3870,3860,3850,3840,3830,3820,3810,3800,3870,3870,
# Packet content column 3       : 3870,3860,3850,3840,3830,3820,3810,3800,3870,3860,3850,3840,3830,3820,3810,3800,3870,3860,3850,3840,3830,3820,3810,3800,3870,3860,3850,3840,3830,3820,3810,3800,3870,3870,
# ------------------------------------------------------------------------------------------------------------------------------------------------------
# Packet header transmit time   : 719383512 ps
# Packet header                 : CA/E0
# Packet size                   : 34
# Packet content column 0       : 2A70,2A60,2A50,2A40,2A30,2A20,2A10,2A00,2A70,2A60,2A50,2A40,2A30,2A20,2A10,2A00,2A70,2A60,2A50,2A40,2A30,2A20,2A10,2A00,2A70,2A60,2A50,2A40,2A30,2A20,2A10,2A00,2A70,2A70,
# Packet content column 1       : 2A70,2A60,2A50,2A40,2A30,2A20,2A10,2A00,2A70,2A60,2A50,2A40,2A30,2A20,2A10,2A00,2A70,2A60,2A50,2A40,2A30,2A20,2A10,2A00,2A70,2A60,2A50,2A40,2A30,2A20,2A10,2A00,2A70,2A70,
# Packet content column 2       : 2A70,2A60,2A50,2A40,2A30,2A20,2A10,2A00,2A70,2A60,2A50,2A40,2A30,2A20,2A10,2A00,2A70,2A60,2A50,2A40,2A30,2A20,2A10,2A00,2A70,2A60,2A50,2A40,2A30,2A20,2A10,2A00,2A70,2A70,
# Packet content column 3       : 2A70,2A60,2A50,2A40,2A30,2A20,2A10,2A00,2A70,2A60,2A50,2A40,2A30,2A20,2A10,2A00,2A70,2A60,2A50,2A40,2A30,2A20,2A10,2A00,2A70,2A60,2A50,2A40,2A30,2A20,2A10,2A00,2A70,2A70,
# ------------------------------------------------------------------------------------------------------------------------------------------------------
# Packet header transmit time   : 724826232 ps
# Packet header                 : CA/E0
# Packet size                   : 34
# Packet content column 0       : 1C70,1C60,1C50,1C40,1C30,1C20,1C10,1C00,1C70,1C60,1C50,1C40,1C30,1C20,1C10,1C00,1C70,1C60,1C50,1C40,1C30,1C20,1C10,1C00,1C70,1C60,1C50,1C40,1C30,1C20,1C10,1C00,1C70,1C70,
# Packet content column 1       : 1C70,1C60,1C50,1C40,1C30,1C20,1C10,1C00,1C70,1C60,1C50,1C40,1C30,1C20,1C10,1C00,1C70,1C60,1C50,1C40,1C30,1C20,1C10,1C00,1C70,1C60,1C50,1C40,1C30,1C20,1C10,1C00,1C70,1C70,
# Packet content column 2       : 1C70,1C60,1C50,1C40,1C30,1C20,1C10,1C00,1C70,1C60,1C50,1C40,1C30,1C20,1C10,1C00,1C70,1C60,1C50,1C40,1C30,1C20,1C10,1C00,1C70,1C60,1C50,1C40,1C30,1C20,1C10,1C00,1C70,1C70,
# Packet content column 3       : 1C70,1C60,1C50,1C40,1C30,1C20,1C10,1C00,1C70,1C60,1C50,1C40,1C30,1C20,1C10,1C00,1C70,1C60,1C50,1C40,1C30,1C20,1C10,1C00,1C70,1C60,1C50,1C40,1C30,1C20,1C10,1C00,1C70,1C70,
# ------------------------------------------------------------------------------------------------------------------------------------------------------
# Packet header transmit time   : 730268952 ps
# Packet header                 : CA/E0
# Packet size                   : 34
# Packet content column 0       : 0E70,0E60,0E50,0E40,0E30,0E20,0E10,0E00,0E70,0E60,0E50,0E40,0E30,0E20,0E10,0E00,0E70,0E60,0E50,0E40,0E30,0E20,0E10,0E00,0E70,0E60,0E50,0E40,0E30,0E20,0E10,0E00,0E70,0E70,
# Packet content column 1       : 0E70,0E60,0E50,0E40,0E30,0E20,0E10,0E00,0E70,0E60,0E50,0E40,0E30,0E20,0E10,0E00,0E70,0E60,0E50,0E40,0E30,0E20,0E10,0E00,0E70,0E60,0E50,0E40,0E30,0E20,0E10,0E00,0E70,0E70,
# Packet content column 2       : 0E70,0E60,0E50,0E40,0E30,0E20,0E10,0E00,0E70,0E60,0E50,0E40,0E30,0E20,0E10,0E00,0E70,0E60,0E50,0E40,0E30,0E20,0E10,0E00,0E70,0E60,0E50,0E40,0E30,0E20,0E10,0E00,0E70,0E70,
# Packet content column 3       : 0E70,0E60,0E50,0E40,0E30,0E20,0E10,0E00,0E70,0E60,0E50,0E40,0E30,0E20,0E10,0E00,0E70,0E60,0E50,0E40,0E30,0E20,0E10,0E00,0E70,0E60,0E50,0E40,0E30,0E20,0E10,0E00,0E70,0E70,
# ------------------------------------------------------------------------------------------------------------------------------------------------------
# Packet header transmit time   : 735711672 ps
# Packet header                 : CA/E0
# Packet size                   : 34
# Packet content column 0       : 0070,0060,0050,0040,0030,0020,0010,0000,0070,0060,0050,0040,0030,0020,0010,0000,0070,0060,0050,0040,0030,0020,0010,0000,0070,0060,0050,0040,0030,0020,0010,0000,0070,0070,
# Packet content column 1       : 0070,0060,0050,0040,0030,0020,0010,0000,0070,0060,0050,0040,0030,0020,0010,0000,0070,0060,0050,0040,0030,0020,0010,0000,0070,0060,0050,0040,0030,0020,0010,0000,0070,0070,
# Packet content column 2       : 0070,0060,0050,0040,0030,0020,0010,0000,0070,0060,0050,0040,0030,0020,0010,0000,0070,0060,0050,0040,0030,0020,0010,0000,0070,0060,0050,0040,0030,0020,0010,0000,0070,0070,
# Packet content column 3       : 0070,0060,0050,0040,0030,0020,0010,0000,0070,0060,0050,0040,0030,0020,0010,0000,0070,0060,0050,0040,0030,0020,0010,0000,0070,0060,0050,0040,0030,0020,0010,0000,0070,0070,
# ------------------------------------------------------------------------------------------------------------------------------------------------------
# Packet header transmit time   : 741154392 ps
# Packet header                 : CA
# Packet size                   : 34
# Packet content column 0       : 0070,0060,0050,0040,0030,0020,0010,0000,0070,0060,0050,0040,0030,0020,0010,0000,0070,0060,0050,0040,0030,0020,0010,0000,0070,0060,0050,0040,0030,0020,0010,0000,0070,0070,
# Packet content column 1       : 0070,0060,0050,0040,0030,0020,0010,0000,0070,0060,0050,0040,0030,0020,0010,0000,0070,0060,0050,0040,0030,0020,0010,0000,0070,0060,0050,0040,0030,0020,0010,0000,0070,0070,
# Packet content column 2       : 0070,0060,0050,0040,0030,0020,0010,0000,0070,0060,0050,0040,0030,0020,0010,0000,0070,0060,0050,0040,0030,0020,0010,0000,0070,0060,0050,0040,0030,0020,0010,0000,0070,0070,
# Packet content column 3       : 0070,0060,0050,0040,0030,0020,0010,0000,0070,0060,0050,0040,0030,0020,0010,0000,0070,0060,0050,0040,0030,0020,0010,0000,0070,0060,0050,0040,0030,0020,0010,0000,0070,0070,
# ------------------------------------------------------------------------------------------------------------------------------------------------------
# Simulation status             : PASS
# ------------------------------------------------------------------------------------------------------------------------------------------------------
